"id","name","created_at","updated_at"
"b87a9b14-036e-47c7-be1d-872ffadbcc0c","airplane","2024-03-12 01:22:05","2024-03-12 01:22:05"
"cb0d0518-4dc1-448b-b84b-f6a1f3ab3c78","apple","2024-03-12 01:22:05","2024-03-12 01:22:05"
"d37cfc9e-8e2a-4c42-9c54-aa6a5c0a8486","backpack","2024-03-12 01:22:05","2024-03-12 01:22:05"
"e60979b2-5cf0-4e6c-9a84-70ac23598bb2","banana","2024-03-12 01:22:05","2024-03-12 01:22:05"
"b194bb58-398d-4d54-8972-3f92cb1246d7","baseball bat","2024-03-12 01:22:05","2024-03-12 01:22:05"
"99089132-f2df-431e-bb2b-04236a4a2e47","baseball glove","2024-03-12 01:22:05","2024-03-12 01:22:05"
"f45c82d5-9207-4b08-aebb-3ed0c5e97e62","bear","2024-03-12 01:22:05","2024-03-12 01:22:05"
"e33dd41e-af1d-4ec0-972f-c7df5c1b4082","bed","2024-03-12 01:22:05","2024-03-12 01:22:05"
"6d739aa6-51b4-42e2-93dc-61d2c988fde9","bench","2024-03-12 01:22:05","2024-03-12 01:22:05"
"eae1b888-b3ab-4b1e-a203-bb05d6a84fb0","bicycle","2024-03-12 01:22:05","2024-03-12 01:22:05"
"b269d72e-e78d-45a3-9aa4-d68fc4f38e46","bird","2024-03-12 01:22:05","2024-03-12 01:22:05"
"086f30a8-3818-477a-a2c1-3c227fc7b81e","boat","2024-03-12 01:22:05","2024-03-12 01:22:05"
"e441de1f-deda-44f3-bb99-29a0b5e9bdcf","book","2024-03-12 01:22:05","2024-03-12 01:22:05"
"ae85c27b-f0ef-4cb5-bd7f-c3833a9ffdfb","bottle","2024-03-12 01:22:05","2024-03-12 01:22:05"
"69390c63-dfa1-4ac9-bd11-5ebd5a2c5cd2","bowl","2024-03-12 01:22:05","2024-03-12 01:22:05"
"28503543-4a02-4e9d-9297-800c2d285a51","broccoli","2024-03-12 01:22:05","2024-03-12 01:22:05"
"33d22f67-2c1f-4733-8e89-2171d5700424","bus","2024-03-12 01:22:05","2024-03-12 01:22:05"
"dfb6d530-1198-4ed0-a5e7-1953d39287ff","cake","2024-03-12 01:22:05","2024-03-12 01:22:05"
"36e46f01-e09d-481d-afe2-0719d0ddcf18","car","2024-03-12 01:22:05","2024-03-12 01:22:05"
"df18c5c0-ec58-4d39-9f4d-91d2bf2b37e3","carrot","2024-03-12 01:22:05","2024-03-12 01:22:05"
"f47ac10b-58cc-4372-a567-0e02b2c3d479","cat","2024-03-12 01:22:05","2024-03-12 01:22:05"
"ce348e0e-040b-4cc9-b3ab-8a7e25b0c3c2","cell phone","2024-03-12 01:22:05","2024-03-12 01:22:05"
"963e145d-f5ae-445e-a3a3-eb3e1b99c77b","chair","2024-03-12 01:22:05","2024-03-12 01:22:05"
"44d25814-68b4-4a5b-9276-65c4163b2ef0","clock","2024-03-12 01:22:05","2024-03-12 01:22:05"
"1c527ea2-fc18-4a38-b1a8-026d19f3bfec","couch","2024-03-12 01:22:05","2024-03-12 01:22:05"
"53b863cb-51eb-4696-b028-e9c34c826e6c","cow","2024-03-12 01:22:05","2024-03-12 01:22:05"
"e155a270-24c7-4fd7-a902-1a34e2f85953","cup","2024-03-12 01:22:05","2024-03-12 01:22:05"
"4fe83ef6-4c36-48cd-9722-157e6c0d02a5","dining table","2024-03-12 01:22:05","2024-03-12 01:22:05"
"90538cf1-2c68-4c44-8d72-ffdb17047f8a","dog","2024-03-12 01:22:05","2024-03-12 01:22:05"
"29b5d121-1a5f-40ec-ae6d-c156a8b4784b","donut","2024-03-12 01:22:05","2024-03-12 01:22:05"
"19d28f5f-1a2c-47db-aeb1-163cb5762ee2","elephant","2024-03-12 01:22:05","2024-03-12 01:22:05"
"774be9ad-cf92-44e1-b4b4-8333df051a20","fire hydrant","2024-03-12 01:22:05","2024-03-12 01:22:05"
"b03c2263-6cb1-4744-9971-bdca9d0e8ff4","fork","2024-03-12 01:22:05","2024-03-12 01:22:05"
"be6c5393-d35b-4b6a-8c7d-183886baa25b","frisbee","2024-03-12 01:22:05","2024-03-12 01:22:05"
"6c39eaf2-f8b3-4b1a-8a4c-399c0a3a0355","giraffe","2024-03-12 01:22:05","2024-03-12 01:22:05"
"0aa62ad1-478e-467e-a95f-c791dc4a5c86","hair drier","2024-03-12 01:22:05","2024-03-12 01:22:05"
"ea50566f-dcf9-44a7-af4a-916c9c3fb009","handbag","2024-03-12 01:22:05","2024-03-12 01:22:05"
"20445a33-58d9-4b9f-9492-eaa3b1b916fd","horse","2024-03-12 01:22:05","2024-03-12 01:22:05"
"8c1ee12b-6fb0-4ad0-80cf-575e014e6f0d","hot dog","2024-03-12 01:22:05","2024-03-12 01:22:05"
"ec2e6d90-e8c2-4de1-92c0-ec6ed1d9b43c","keyboard","2024-03-12 01:22:05","2024-03-12 01:22:05"
"eeb9158d-52f2-4b1f-bc5d-51d0bda3eb85","kite","2024-03-12 01:22:05","2024-03-12 01:22:05"
"4e6a4764-8575-4f94-9c4c-d387a79b26e2","knife","2024-03-12 01:22:05","2024-03-12 01:22:05"
"16ec16ee-c7cf-4f5b-aaff-6097c9512b90","laptop","2024-03-12 01:22:05","2024-03-12 01:22:05"
"fcf3d9a5-1390-4700-8a7b-3eb02c56fe1a","microwave","2024-03-12 01:22:05","2024-03-12 01:22:05"
"b1bbdd29-6c11-4962-b73a-b25792b2e00f","mouse","2024-03-12 01:22:05","2024-03-12 01:22:05"
"8aa2fd90-d9fb-4037-86fc-4b8b6f3a4bc3","orange","2024-03-12 01:22:05","2024-03-12 01:22:05"
"734a672d-8ff4-4d5f-8a2f-b32511d55e54","oven","2024-03-12 01:22:05","2024-03-12 01:22:05"
"1a3c8d8f-7f7e-4d11-91b0-8fe70f35f78b","parking meter","2024-03-12 01:22:05","2024-03-12 01:22:05"
"aa34f7cf-9567-4ebd-a4cd-331a31dd5bb1","pizza","2024-03-12 01:22:05","2024-03-12 01:22:05"
"3b2a2e29-d69b-4b49-a152-33b08dc383d1","potted plant","2024-03-12 01:22:05","2024-03-12 01:22:05"
"d830ab60-3e96-4860-96a9-04908f07ff6d","refrigerator","2024-03-12 01:22:05","2024-03-12 01:22:05"
"e13f877f-2a17-4c15-851a-d588eb5a8af2","remote","2024-03-12 01:22:05","2024-03-12 01:22:05"
"e25d38ec-858f-484b-9b65-69a86d9b2437","sandwich","2024-03-12 01:22:05","2024-03-12 01:22:05"
"e70c6307-4cfb-4fd8-9e54-b97c5a7b9aa2","scissors","2024-03-12 01:22:05","2024-03-12 01:22:05"
"8c469d14-d4a3-44e0-97b5-962cc350cb36","sheep","2024-03-12 01:22:05","2024-03-12 01:22:05"
"fa9dd6cb-7b50-4e2a-8167-2f453b5d33b5","sink","2024-03-12 01:22:05","2024-03-12 01:22:05"
"7fe3d5b3-6e65-4d40-a1c2-6b977a6a474b","skateboard","2024-03-12 01:22:05","2024-03-12 01:22:05"
"b8d3e15f-7396-4b70-8649-80c422209ba4","skis","2024-03-12 01:22:05","2024-03-12 01:22:05"
"a88d7d67-c82c-4d07-aa9a-bb04b77b9fe1","snowboard","2024-03-12 01:22:05","2024-03-12 01:22:05"
"080ed892-b713-4d4f-99f8-ef02d793cbfc","spoon","2024-03-12 01:22:05","2024-03-12 01:22:05"
"9e529518-e4cc-41a2-8027-03662d4c2a02","sports ball","2024-03-12 01:22:05","2024-03-12 01:22:05"
"71f64a90-5b11-4d67-b10b-34d8378c3b21","stop sign","2024-03-12 01:22:05","2024-03-12 01:22:05"
"1ee4f146-9f28-4498-9b3d-462cc2b29e44","suitcase","2024-03-12 01:22:05","2024-03-12 01:22:05"
"5c825f9c-e51d-4c36-944b-7c6db8e26a7d","surfboard","2024-03-12 01:22:05","2024-03-12 01:22:05"
"41fb2c6c-11a1-4a15-af18-52db3c74a009","teddy bear","2024-03-12 01:22:05","2024-03-12 01:22:05"
"0b38e17d-b95b-42b8-b9d4-25b89de6406e","tennis racket","2024-03-12 01:22:05","2024-03-12 01:22:05"
"e45c1f62-f81d-4eb4-ae7f-2b1546d88f94","tie","2024-03-12 01:22:05","2024-03-12 01:22:05"
"44dd7e88-6d28-496d-9ed4-8bc4b81926a3","toaster","2024-03-12 01:22:05","2024-03-12 01:22:05"
"e2a3f3e3-95cb-4bb1-90ed-ef59a1fae0d8","toilet","2024-03-12 01:22:05","2024-03-12 01:22:05"
"f3882f33-7b7a-4d0e-8515-025d5dd29465","toothbrush","2024-03-12 01:22:05","2024-03-12 01:22:05"
"0247ac92-f144-4af0-8b6b-72a8e61887e4","traffic light","2024-03-12 01:22:05","2024-03-12 01:22:05"
"df6fd0f8-d198-4e38-81f4-05d241fa6f6f","train","2024-03-12 01:22:05","2024-03-12 01:22:05"
"6bf8d1d3-23e3-4526-9260-e2b826c0b46d","truck","2024-03-12 01:22:05","2024-03-12 01:22:05"
"57f65a41-5f85-4817-b39c-9dcf281c0c51","tv","2024-03-12 01:22:05","2024-03-12 01:22:05"
"56f2b18b-df4d-409f-b6f2-f654c91e6d9c","umbrella","2024-03-12 01:22:05","2024-03-12 01:22:05"
"01520d57-d688-4741-b5e7-2be130686154","vase","2024-03-12 01:22:05","2024-03-12 01:22:05"
"4c42a9e1-11ff-4f43-bd50-4a20e625c0a7","wine glass","2024-03-12 01:22:05","2024-03-12 01:22:05"
"e9cf9e6d-d9cc-446d-a9e9-6d643e38a4a0","zebra","2024-03-12 01:22:05","2024-03-12 01:22:05"
